Central Tendency Measures:
Mean (Centroid) - x: 5189.833333333333, y: 2608.2708333333335
Median - x: 5944.5, y: 2675.0
Mode - x: [  10.   23.  401.  675. 1112. 1633. 1916. 2233. 3023. 3082. 3177. 3245.
 3484. 4307. 4483. 4608. 4612. 4706. 4985. 5185. 5199. 5468. 5530. 5900.
 5989. 6101. 6107. 6271. 6347. 6426. 6734. 6807. 6898. 7248. 7265. 7280.
 7352. 7392. 7462. 7509. 7541. 7545. 7555. 7573. 7608. 7611. 7732. 7762.], y: [  10.  140.  669.  756.  841. 1006. 1110. 1198. 1268. 1424. 1453. 1569.
 1644. 1885. 1942. 2035. 2049. 2135. 2182. 2216. 2244. 2322. 2606. 2674.
 2676. 2683. 2801. 2809. 2829. 2873. 2993. 3173. 3239. 3258. 3305. 3369.
 3561. 3590. 3716. 3779. 3981. 4458. 4506. 4595. 4723. 4819. 4899. 5184.]
